_viz_0 = nengo_gui.components.HTMLView(display_node)
_viz_config[_viz_0].label_visible = True
_viz_config[_viz_0].width = 0.41926440193257675
_viz_config[_viz_0].height = 0.5901747313827991
_viz_config[_viz_0].y = 2.125758984476251
_viz_config[_viz_0].x = 1.5104036837379708
_viz_1 = nengo_gui.components.Value(stim)
_viz_config[_viz_1].max_value = 1
_viz_config[_viz_1].min_value = -1
_viz_config[_viz_1].legend_labels = [u'label_0', u'label_1', u'label_2', u'label_3', u'label_4', u'label_5', u'label_6', u'label_7', u'label_8', u'label_9']
_viz_config[_viz_1].height = 0.5038790752848679
_viz_config[_viz_1].label_visible = True
_viz_config[_viz_1].width = 0.3579593430756754
_viz_config[_viz_1].show_legend = True
_viz_config[_viz_1].y = 2.03552978274947
_viz_config[_viz_1].x = 0.09041018743286293
_viz_ace_editor = nengo_gui.components.AceEditor()
_viz_net_graph = nengo_gui.components.NetGraph()
_viz_sim_control = nengo_gui.components.SimControl()
_viz_config[_viz_sim_control].kept_time = 4
_viz_config[_viz_sim_control].shown_time = 0.5
_viz_config[display_node].pos=(2.0830147571107998, 0.8058642270787177)
_viz_config[display_node].size=(0.16595361103361098, 0.6177162188473297)
_viz_config[ens].pos=(0.8786825306906085, 0.8075714333685042)
_viz_config[ens].size=(0.1, 0.1)
_viz_config[model].pos=(0.527024465303763, 0.11757883911190459)
_viz_config[model].size=(0.31065326375065205, 0.31065326375065205)
_viz_config[model].expanded=True
_viz_config[model].has_layout=True
_viz_config[stim].pos=(-0.1573589918429485, 0.8058642270787177)
_viz_config[stim].size=(0.16595361103361098, 0.6177162188473297)